1 64 4096
1 128 2048
1 256 1024
1 512 512
1 1024 256
1 2048 128
1 4096 64
2 64 4096
2 128 2048
2 256 1024
2 512 512
2 1024 256
2 2048 128
2 4096 64
4 64 4096
4 128 2048
4 256 1024
4 512 512
4 1024 256
4 2048 128
4 4096 64
8 64 4096
8 128 2048
8 256 1024
8 512 512
8 1024 256
8 2048 128
8 4096 64
16 64 4096
16 128 2048
16 256 1024
16 512 512
16 1024 256
16 2048 128
16 4096 64
32 32 4096
32 64 4096
32 128 2048
32 256 1024
32 512 512
32 1024 256
32 2048 128
32 4096 64
64 1 4096
64 2 4096
64 4 4096
64 8 4096
64 16 4096
64 32 4096
64 64 2048
64 128 2048
64 256 1024
64 512 512
64 1024 256
64 2048 128
64 4096 32
128 1 2048
128 2 2048
128 4 2048
128 8 2048
128 16 2048
128 32 2048
128 64 2048
128 128 1024
128 256 1024
128 512 512
128 1024 256
128 2048 64
256 1 1024
256 2 1024
256 4 1024
256 8 1024
256 16 1024
256 32 1024
256 64 1024
256 128 1024
256 256 512
256 512 256
256 512 512
256 1024 128
512 1 512
512 2 512
512 4 512
512 8 512
512 16 512
512 32 512
512 64 512
512 128 512
512 256 256
512 256 512
512 512 128
512 512 256
1024 1 256
1024 2 256
1024 4 256
1024 8 256
1024 16 256
1024 32 256
1024 64 256
1024 128 256
1024 256 128
2048 1 128
2048 2 128
2048 4 128
2048 8 128
2048 16 128
2048 32 128
2048 64 128
2048 128 64
4096 1 64
4096 2 64
4096 4 64
4096 8 64
4096 16 64
4096 32 64
4096 64 32
